2015312829 10
2013311137 5
2012310993 10
2012312127 6
2018319102 9
2016313456 10
2018710948 8
2018719132 3
2019719019 6
2018710357 10
2019710714 10
2018710403 10
2019710053 8
2019710174 8
2019710639 6
2019710662 8
2019710672 6
2019710697 7
2019710962 3
2019711052 5
2019711311 4
2019711353 10
2019711376 9
2019711433 7
2019711457 7
2019711514 5
2019711587 5
2018711801 8
2018711906 4
2018712109 9
2018712133 9
2018712229 5
2018712256 6
2018712260 7
2018712281 10
2018712306 10
2018712327 6
2018712371 10
2018712442 10
2018712448 8
2018712465 7
2018712483 7
2018712494 7
2018712573 10
2018712586 1
2018719184 7
2018710035 9
2018710722 5
2018710723 6
2018710848 3
2018710988 3
2018711164 10
2018711276 10
2018711321 7
2018711324 10
2018711328 5
2018711352 3
2018711353 3
2018711356 6
2018711439 5
2018712253 7
2017711778 4
2017711780 9
2017712191 10
2018711530 7
2017710249 3
2017710517 9
2017710776 6
2017711206 4
2017711239 5
2016712152 10
2019711491 9
2019711493 9
2019711713 6
2019711397 10
2019711401 9
2019711405 8
2019711408 8
2019711409 8
2019710961 9
2019711349 9
2019711504 8
2019711590 10
2018712076 9
2018712151 10
2018712226 10
2018711484 8
2018711586 7
2015711570 8
2019710844 1
2019711066 7
2018712248 10
2018710351 9
2018711086 6
2018711130 7
2018711372 5
